0039 6030177021
0022 6031018121
0020 6031018121
0001 6031018121
0029 6031018121
0078 6031019821
0064 6031018121
0049 6030177021
0093 6031019821
0100 6031019821
0022 6031020321
0001 6031019821
0061 6030177021
0046 6030177021
0083 6031019821
0034 6030177021
0074 6031020321
0082 6031020321
0014 6031020321
0036 6031020321
0067 6031020321
0028 6031020321
0042 6030177021
0057 6031019821
0018 6031018121
0004 6030177021
0078 6031020321
0018 6031020321
0004 6031018121
0095 6031018121
0037 6030177021
0060 6031019821
0028 6031019821
0030 6030177021
0031 6030177021
0002 6031019821
0052 6031018121
0051 6031019821
0047 6030177021
0041 6031018121
0048 6030177021
0086 6031020321
0041 6031019821
0079 6031020321
0051 6031018121
0065 6030177021
0064 6031019821
0031 6031018121
0047 6031020321
0025 6031020321
0027 6031020321
0059 6030177021
0077 6031020321
0016 6031018121
0020 6031020321
0014 6030177021
0080 6031020321
0043 6031019821
0031 6031020321
0006 6030177021
0054 6031020321
0095 6031020321
0098 6031019821
0082 6030177021
0025 6030177021
0000 6031020321
0081 6031019821
0027 6030177021
0088 6031020321
0075 6031018121
0101 6030177021
0016 6030177021
0044 6031019821
0064 6031020321
0067 6030177021
0006 6031020321
0035 6031019821
0101 6031019821
0040 6031018121
0033 6030177021
0098 6030177021
0087 6031020321
0096 6031019821
0039 6031019821
0076 6030177021
0023 6031019821
0083 6031018121
0099 6031020321
0075 6031019821
0096 6031020321
0037 6031018121
0081 6031018121
0049 6031018121
0029 6031020321
0022 6030177021
0022 6031019821
0077 6031018121
0073 6031020321
0002 6031018121
0024 6031018121
0040 6030177021
0003 6030177021
0008 6031020321
0069 6031020321
0047 6031018121
0092 6031018121
0021 6031018121
0012 6031019821
0007 6030177021
0014 6031019821
0086 6031019821
0004 6031020321
0043 6030177021
0058 6031020321
0085 6031018121
0070 6031019821
0057 6030177021
0097 6031018121
0045 6030177021
0005 6030177021
0089 6031020321
0050 6031019821
0093 6031018121
0071 6031018121
0076 6031020321
0059 6031019821
0054 6031019821
0011 6031020321
0035 6031020321
0038 6030177021
0066 6031018121
0072 6030177021
0070 6031018121
0032 6031020321
0048 6031020321
0098 6031018121
0078 6030177021
0020 6031019821
0052 6030177021
0055 6030177021
0011 6031018121
0094 6031018121
0090 6031020321
0033 6031020321
0063 6031019821
0100 6031018121
0024 6031020321
0023 6031020321
0005 6031020321
0097 6031019821
0074 6031018121
0009 6031018121
0080 6031018121
0042 6031018121
0021 6031020321
0088 6030177021
0019 6031019821
0032 6030177021
0041 6031020321
0099 6031018121
0019 6030177021
0062 6031019821
0071 6030177021
0072 6031018121
0010 6030177021
0025 6031018121
0085 6031020321
0069 6030177021
0100 6031020321
0001 6031020321
0008 6031018121
0101 6031018121
0030 6031020321
0096 6031018121
0049 6031020321
0062 6031020321
0050 6030177021
0044 6031018121
0067 6031018121
0059 6031018121
0089 6031018121
0066 6031020321
0038 6031018121
0063 6031018121
0076 6031019821
0091 6031019821
0017 6031018121
0013 6030177021
0086 6030177021
0003 6031018121
0024 6030177021
0019 6031018121
0099 6030177021
0075 6030177021
0012 6030177021
0084 6031020321
0083 6030177021
0089 6030177021
0007 6031019821
0025 6031019821
0030 6031019821
0063 6030177021
0017 6031019821
0026 6031020321
0090 6031019821
0009 6030177021
0045 6031019821
0053 6031019821
0073 6031019821
0055 6031019821
0057 6031018121
0024 6031019821
0072 6031020321
0008 6030177021
0060 6030177021
0097 6030177021
0053 6031018121
0088 6031019821
0010 6031018121
0011 6031019821
0066 6031019821
0092 6030177021
0060 6031018121
0006 6031019821
0037 6031020321
0091 6031018121
0077 6031019821
0050 6031020321
0094 6031020321
0081 6030177021
0100 6030177021
0011 6030177021
0053 6031020321
0085 6030177021
0055 6031020321
0034 6031020321
0026 6031019821
0000 6031019821
0035 6030177021
0032 6031019821
0061 6031020321
0055 6031018121
0088 6031018121
0002 6030177021
0005 6031018121
0065 6031019821
0092 6031019821
0030 6031018121
0013 6031018121
0026 6030177021
0082 6031019821
0099 6031019821
0095 6030177021
0009 6031019821
0090 6031018121
0036 6031019821
0044 6031020321
0036 6030177021
0087 6030177021
0041 6030177021
0076 6031018121
0054 6030177021
0091 6031020321
0019 6031020321
0047 6031019821
0000 6030177021
0065 6031018121
0026 6031018121
0051 6030177021
0045 6031020321
0007 6031020321
0086 6031018121
0042 6031020321
